 1 1 1 1 1 1 1 1 1 1 1 1 1 1 1 1 1 1 1 1 1 1 1 1 1 1 1 1 1 1 1 1 0 0 0 0 0 0 0 0 0 0 0 0 4 4 4 3 3 3 3 3 3 3 3 3 3 3 3 3 3 3 3 3 0 0 0 0 0 0 4 4 4 4 4 4 4 4 4 4 4 4 4 4 4 4
 1 1 1 1 1 1 1 1 1 1 1 1 1 1 1 1 1 1 1 1 1 1 1 1 1 1 1 1 1 1 0 0 0 0 0 0 0 0 0 0 0 0 4 4 4 3 3 3 3 3 3 3 3 3 3 3 3 3 3 3 3 3 0 0 0 0 0 0 0 4 4 4 4 4 4 4 4 4 4 4 4 4 4 4 4 4
 1 1 1 1 1 1 1 1 1 1 1 1 1 1 1 1 1 1 1 1 1 1 1 1 1 1 1 1 1 0 0 0 0 0 0 0 0 0 0 0 4 4 4 4 4 3 3 3 3 3 3 3 3 3 3 3 3 3 3 3 0 0 0 0 0 0 0 4 4 4 4 4 4 4 4 4 4 4 4 4 4 4 4 4 4 4
 1 1 1 1 1 1 1 1 1 1 1 1 1 1 1 1 1 1 1 1 1 1 1 1 1 1 1 1 0 0 0 0 0 0 0 0 0 0 0 4 4 4 3 3 3 3 3 3 3 3 3 3 3 3 3 3 3 3 0 0 0 0 0 0 0 4 4 4 4 4 4 4 4 4 4 4 4 4 4 4 4 4 4 4 4 4
 1 1 1 1 1 1 1 1 1 1 1 1 1 1 1 1 1 1 1 1 1 1 1 1 1 1 1 0 0 0 0 0 0 0 0 0 0 0 0 4 4 4 3 3 3 3 3 3 3 3 3 3 3 3 3 3 3 0 0 0 0 0 0 4 4 4 4 4 4 4 4 4 4 4 4 4 4 4 4 4 4 4 4 4 4 4
 1 1 1 1 1 1 1 1 1 1 1 1 1 1 1 1 1 1 1 1 1 1 1 1 1 1 1 0 0 0 0 0 0 0 0 0 0 0 4 4 4 4 3 3 3 3 3 3 3 3 3 3 3 3 3 3 0 0 0 0 0 0 4 4 4 4 4 4 4 4 4 4 4 4 4 4 4 4 4 4 4 4 4 4 4 4
 1 1 1 1 1 1 1 1 1 1 1 1 1 1 1 1 1 1 1 1 1 1 1 1 1 1 0 0 0 0 0 0 0 0 0 0 0 0 3 3 3 3 3 3 3 3 3 3 3 3 3 3 3 3 3 3 0 0 0 0 0 0 4 4 4 4 4 4 4 4 4 4 4 4 4 4 4 4 4 4 4 4 4 4 4 4
 1 1 1 1 1 1 1 1 1 1 1 1 1 1 1 1 1 1 1 1 1 1 1 1 1 0 0 0 0 0 0 0 0 0 0 0 0 4 3 3 3 3 3 3 3 3 3 3 3 3 3 3 3 3 3 0 0 0 0 0 0 0 4 4 4 4 4 4 4 4 4 4 4 4 4 4 4 4 4 4 4 4 4 4 4 4
 1 1 1 1 1 1 1 1 1 1 1 1 1 1 1 1 1 1 1 1 1 1 1 1 0 0 0 0 0 0 0 0 0 0 0 0 0 4 3 3 3 3 3 3 3 3 3 3 3 3 3 3 3 3 0 0 0 0 0 0 0 4 4 4 4 4 4 4 4 4 4 4 4 4 4 4 4 4 4 4 4 4 4 4 4 4
 1 1 1 1 1 1 1 1 1 1 1 1 1 1 1 1 1 1 1 1 1 1 0 0 0 0 0 0 0 0 0 0 0 0 0 3 3 3 3 3 3 3 3 3 3 3 3 3 3 3 3 3 0 0 0 0 0 0 0 0 0 4 4 4 4 4 4 4 4 4 4 4 4 4 4 4 4 4 4 4 4 4 4 4 4 4
 1 1 1 1 1 1 1 1 1 1 1 1 1 1 1 1 1 1 1 1 0 0 0 0 0 0 0 0 0 0 0 0 0 4 4 3 3 3 3 3 3 3 3 3 3 3 3 3 3 3 0 0 0 0 0 0 0 0 0 4 4 4 4 4 4 4 4 4 4 4 4 4 4 4 4 4 4 4 4 4 4 4 4 4 4 4
 1 1 1 1 1 1 1 1 1 1 1 1 1 1 1 1 1 1 0 0 0 0 0 0 0 0 0 0 0 0 0 4 4 3 3 3 3 3 3 3 3 3 3 3 3 3 3 3 0 0 0 0 0 0 0 0 0 4 4 4 4 4 4 4 4 4 4 4 4 4 4 4 4 4 4 4 4 4 4 4 4 4 4 4 4 4
 1 1 1 1 1 1 1 1 1 1 1 1 1 1 4 1 0 0 0 0 0 0 0 0 0 0 0 0 0 0 3 3 3 3 3 3 3 3 3 3 3 3 3 3 3 3 3 0 0 0 0 0 0 0 0 4 4 4 4 4 4 4 4 4 4 4 4 4 4 4 4 4 4 4 4 4 4 4 4 4 4 4 4 4 4 0
 1 1 1 1 1 1 1 1 1 1 1 1 1 1 1 0 0 0 0 0 0 0 0 0 0 0 0 0 3 3 3 3 3 3 3 3 3 3 3 3 3 3 3 3 3 0 0 0 0 0 0 0 0 4 4 4 4 4 4 4 4 4 4 4 4 4 4 4 4 4 4 4 4 4 4 4 4 4 4 4 4 4 4 0 0 0
 1 1 1 1 1 1 1 1 1 1 1 1 1 0 0 0 0 0 0 0 0 0 0 0 0 0 4 4 3 3 3 3 3 3 3 3 3 3 3 3 3 3 3 0 0 0 0 0 0 0 0 4 4 4 4 4 4 4 4 4 4 4 4 4 4 4 4 4 4 4 4 4 4 4 4 4 4 4 4 4 4 0 0 0 0 0
 1 1 1 1 1 1 1 1 1 1 1 0 0 0 0 0 0 0 0 0 0 0 0 0 4 4 3 3 3 3 3 3 3 3 3 3 3 3 3 3 3 3 0 0 0 0 0 0 0 0 4 4 4 4 4 4 4 4 4 4 4 4 4 4 4 4 4 4 4 4 4 4 4 4 4 4 4 4 4 4 0 0 0 0 0 0
 1 1 1 1 1 1 1 1 1 0 0 0 0 0 0 0 0 0 0 0 0 0 0 3 3 3 3 3 3 3 3 3 3 3 3 3 3 3 3 3 0 0 0 0 0 0 0 0 4 4 4 4 4 4 4 4 4 4 4 4 4 4 4 4 4 4 4 4 4 4 4 4 4 4 4 4 4 4 0 0 0 0 0 0 0 0
 1 1 1 1 1 1 1 0 0 0 0 0 0 0 0 0 0 0 0 0 0 3 3 3 3 3 3 3 3 3 3 3 3 3 3 3 3 3 0 0 0 0 0 0 0 0 4 4 4 4 4 4 4 4 4 4 4 4 4 4 4 4 4 4 4 4 4 4 4 4 4 4 4 4 4 4 0 0 0 0 0 0 0 0 0 5
 1 1 1 1 1 1 0 0 0 0 0 0 0 0 0 0 0 0 0 4 4 3 3 3 3 3 3 3 3 3 3 3 3 3 3 3 0 0 0 0 0 0 0 0 4 4 4 4 4 4 4 4 4 4 4 4 4 4 4 4 4 4 4 4 4 4 4 4 4 4 4 4 4 4 0 0 0 0 0 0 0 0 0 5 5 5
 1 1 1 1 0 0 0 0 0 0 0 0 0 0 0 0 0 4 4 3 3 3 3 3 3 3 3 3 3 3 3 3 3 3 3 0 0 0 0 0 0 0 4 4 4 4 4 4 4 4 4 4 4 4 4 4 4 4 4 4 4 4 4 4 4 4 4 4 4 4 4 4 4 0 0 0 0 0 0 0 0 5 5 5 5 5
 1 1 0 0 0 0 0 0 0 0 0 0 0 0 0 4 4 3 4 4 3 3 3 3 3 3 3 3 3 3 3 3 3 0 0 0 0 0 0 0 0 4 4 4 4 4 4 4 4 4 4 4 4 4 4 4 4 4 4 4 4 4 4 4 4 4 4 4 4 4 4 0 0 0 0 0 0 0 0 5 5 5 5 5 5 5
 0 0 0 0 0 0 0 0 0 0 0 0 0 0 4 4 4 3 4 4 3 3 3 3 3 3 3 3 3 3 3 0 0 0 0 0 0 0 0 4 4 4 4 4 4 4 4 4 4 4 4 4 4 4 4 4 4 4 4 4 4 4 4 4 4 4 4 4 4 0 0 0 0 0 0 0 0 0 5 5 5 5 5 5 5 5
 0 0 0 0 0 0 0 0 0 0 0 0 4 4 3 4 4 4 4 3 3 3 3 3 3 3 3 3 3 3 0 0 0 0 0 0 0 4 4 4 4 4 4 4 4 4 4 4 4 4 4 4 4 4 4 4 4 4 4 4 4 4 4 4 4 4 4 0 0 0 0 0 0 0 0 0 5 5 5 5 5 5 5 5 5 5
 0 0 0 0 0 0 0 0 0 0 4 3 3 4 4 4 3 3 3 3 3 3 3 3 3 3 3 3 0 0 0 0 0 0 0 4 4 4 4 4 4 4 4 4 4 4 4 4 4 4 4 4 4 4 4 4 4 4 4 4 4 4 4 4 4 4 0 0 0 0 0 0 0 0 5 5 5 5 5 5 5 5 5 5 5 5
 0 0 0 0 0 0 0 0 4 4 4 3 3 4 4 4 3 3 4 4 4 3 3 3 3 3 0 0 0 0 0 0 0 4 4 4 4 4 4 4 4 4 4 4 4 4 4 4 4 4 4 4 4 4 4 4 4 4 4 4 4 4 4 4 0 0 0 0 0 0 0 0 5 5 5 5 5 5 5 5 5 5 5 5 5 5
 0 0 0 0 0 0 0 4 4 3 3 3 4 3 3 3 3 4 4 4 4 3 3 3 0 0 0 0 0 0 0 4 4 4 4 4 4 4 4 4 4 4 4 4 4 4 4 4 4 4 4 4 4 4 4 4 4 4 4 4 4 4 0 0 0 0 0 0 0 0 5 5 5 5 5 5 5 5 5 5 5 5 5 5 6 0
 0 0 0 0 0 4 4 4 4 3 3 3 3 3 3 3 3 3 4 4 4 3 3 0 0 0 0 0 0 0 4 4 4 4 4 4 4 4 4 4 4 4 4 4 4 4 4 4 4 4 4 4 4 4 4 4 4 4 4 4 4 0 0 0 0 0 0 0 0 5 5 5 5 5 5 5 5 5 5 5 5 5 5 0 0 0
 0 0 0 4 4 4 4 4 4 3 3 3 3 3 3 3 3 3 4 3 3 0 0 0 0 0 0 0 4 4 4 4 4 4 4 4 4 4 4 4 4 4 4 4 4 4 4 4 4 4 4 4 4 4 4 4 4 4 4 0 0 0 0 0 0 0 0 5 5 5 5 5 5 5 5 5 5 5 5 5 5 0 0 0 0 0
 0 4 4 4 4 4 4 3 3 4 4 4 4 4 4 4 4 3 3 0 0 0 0 0 0 0 4 4 4 4 4 4 4 4 4 4 4 4 4 4 4 4 4 4 4 4 4 4 4 4 4 4 4 4 4 4 4 0 0 0 0 0 0 0 0 5 5 5 5 5 5 5 5 5 5 5 5 5 5 5 0 0 0 0 0 0
 3 3 4 4 4 4 3 3 4 4 4 4 4 3 3 3 3 3 0 0 0 0 0 0 4 4 4 4 4 4 4 4 4 4 4 4 4 4 4 4 4 4 4 4 4 4 4 4 4 4 4 4 4 4 4 0 0 0 0 0 0 0 0 5 5 5 5 5 5 5 5 5 5 5 5 5 5 5 0 0 0 0 0 0 6 6
 3 3 4 4 4 4 3 3 4 4 4 3 4 3 3 3 0 0 0 0 0 0 4 4 4 4 4 4 4 4 4 4 4 4 4 4 4 4 4 4 4 4 4 4 4 4 4 4 4 4 4 4 4 4 0 0 0 0 0 0 0 0 5 5 5 5 5 5 5 5 5 5 5 5 5 5 0 0 0 0 0 0 6 6 6 6
 4 4 3 3 4 4 3 3 3 3 3 3 4 3 0 0 0 0 0 0 4 4 4 4 4 4 4 4 4 4 4 4 4 4 4 4 4 4 4 4 4 4 4 4 4 4 4 4 4 4 4 4 0 0 0 0 0 0 0 0 5 5 5 5 5 5 5 5 5 5 5 5 5 5 0 0 0 0 0 0 0 6 6 6 6 6
 3 3 3 3 3 3 4 4 3 3 3 3 0 0 0 0 0 0 0 4 4 4 4 4 4 4 4 4 4 4 4 4 4 4 4 4 4 4 4 4 4 4 4 4 4 4 4 4 4 4 0 0 0 0 0 0 0 0 5 5 5 5 5 5 5 5 5 5 5 5 5 5 0 0 0 0 0 0 0 6 6 6 6 6 6 6
 3 3 3 3 3 3 4 4 3 3 3 0 0 0 0 0 0 4 4 4 4 4 4 4 4 4 4 4 4 4 4 4 4 4 4 4 4 4 4 4 4 4 4 4 4 4 4 4 0 0 0 0 0 0 0 0 5 5 5 5 5 5 5 5 5 5 5 5 5 5 5 0 0 0 0 0 0 6 6 6 6 6 6 6 6 6
 4 4 4 4 4 3 3 3 3 0 0 0 0 0 0 4 4 4 4 4 4 4 4 4 4 4 4 4 4 4 4 4 4 4 4 4 4 4 4 4 4 4 4 4 4 4 4 0 0 0 0 0 0 0 0 5 5 5 5 5 5 5 5 5 5 5 5 5 5 0 0 0 0 0 0 6 6 6 6 6 6 6 6 6 6 6
 4 4 4 3 3 3 3 0 0 0 0 0 0 4 4 4 4 4 4 4 4 4 4 4 4 4 4 4 4 4 4 4 4 4 4 4 4 4 4 4 4 4 4 4 4 0 0 0 0 0 0 0 0 5 5 5 5 5 5 5 5 5 5 5 5 5 5 0 0 0 0 0 0 6 6 6 6 6 6 6 6 6 6 6 6 6
 4 4 4 3 3 3 0 0 0 0 0 4 4 4 4 4 4 4 4 4 4 4 4 4 4 4 4 4 4 4 4 4 4 4 4 4 4 4 4 4 4 4 4 0 0 0 0 0 0 0 0 5 5 5 5 5 5 5 5 5 5 5 5 5 5 0 0 0 0 0 0 0 6 6 6 6 6 6 6 6 6 6 6 6 6 6
 3 3 3 3 0 0 0 0 0 4 4 4 4 4 4 4 4 4 4 4 4 4 4 4 4 4 4 4 4 4 4 4 4 4 4 4 4 4 4 4 4 0 0 0 0 0 0 0 0 5 5 5 5 5 5 5 5 5 5 5 5 5 5 0 0 0 0 0 0 0 6 6 6 6 6 6 6 6 6 6 6 6 6 6 6 5
 3 3 0 0 0 0 0 0 4 4 4 4 4 4 4 4 4 4 4 4 4 4 4 4 4 4 4 4 4 4 4 4 4 4 4 4 4 4 4 4 0 0 0 0 0 0 0 5 5 5 5 5 5 5 5 5 5 5 5 5 5 5 0 0 0 0 0 0 6 6 6 6 6 6 6 6 6 6 6 6 6 6 6 5 5 0
 0 0 0 0 0 0 4 4 4 4 4 4 4 4 4 4 4 4 4 4 4 4 4 4 4 4 4 4 4 4 4 4 4 4 4 4 4 4 0 0 0 0 0 0 0 0 5 5 5 5 5 5 5 5 5 5 5 5 5 5 0 0 0 0 0 0 6 6 6 6 6 6 6 6 6 6 6 6 6 6 6 6 6 0 0 0
 0 0 0 0 4 4 4 4 4 4 4 4 4 4 4 4 4 4 4 4 4 4 4 4 4 4 4 4 4 4 4 4 4 4 4 4 0 0 0 0 0 0 0 0 5 5 5 5 5 5 5 5 5 5 5 5 5 6 0 0 0 0 0 0 6 6 6 6 6 6 6 6 6 6 6 6 6 6 6 6 5 0 0 0 0 0
 0 0 4 4 4 4 4 4 4 4 4 4 4 4 4 4 4 4 4 4 4 4 4 4 4 4 4 4 4 4 4 4 4 4 0 0 0 0 0 0 0 0 5 5 5 5 5 5 5 5 5 5 5 5 5 5 0 0 0 0 0 0 0 6 6 6 6 6 6 6 6 6 6 6 6 6 6 6 6 6 0 0 0 0 0 0
 4 4 4 4 4 4 4 4 4 4 4 4 4 4 4 4 4 4 4 4 4 4 4 4 4 4 4 4 4 4 4 4 4 0 0 0 0 0 0 0 5 5 5 5 5 5 5 5 5 5 5 5 5 5 0 0 0 0 0 0 0 6 6 6 6 6 6 6 6 6 6 6 6 6 6 6 6 6 0 0 0 0 0 0 5 6
 4 4 4 4 4 4 4 4 4 4 4 4 4 4 4 4 4 4 4 4 4 4 4 4 4 4 4 4 4 4 4 0 0 0 0 0 0 0 0 5 5 5 5 5 5 5 5 5 5 5 5 5 5 0 0 0 0 0 0 6 6 6 6 6 6 6 6 6 6 6 5 6 6 6 6 5 0 0 0 0 0 0 6 5 5 5
 4 4 4 4 4 4 4 4 4 4 4 4 4 4 4 4 4 4 4 4 4 4 4 4 4 4 4 4 4 0 0 0 0 0 0 0 0 5 5 5 5 5 5 5 5 5 5 5 5 5 5 0 0 0 0 0 0 6 6 6 6 6 6 6 6 6 6 6 6 6 6 6 6 5 0 0 0 0 0 0 0 6 5 5 5 5
 4 4 4 4 4 4 4 4 4 4 4 4 4 4 4 4 4 4 4 4 4 4 4 4 4 4 4 0 0 0 0 0 0 0 0 5 5 5 5 5 5 5 5 5 5 5 5 5 5 0 0 0 0 0 0 6 6 6 6 6 6 6 6 6 6 6 6 6 6 6 6 6 0 0 0 0 0 0 0 6 6 6 5 5 5 5
 4 4 4 4 4 4 4 4 4 4 4 4 4 4 2 4 4 4 4 4 4 4 4 4 4 4 0 0 0 0 0 0 0 5 5 5 5 5 5 5 5 5 5 5 5 5 5 0 0 0 0 0 0 0 6 6 6 6 6 6 6 6 6 6 6 6 6 6 6 6 6 0 0 0 0 0 0 6 5 5 5 5 5 5 5 5
 4 4 4 4 4 4 4 4 4 4 4 4 4 4 2 4 4 4 4 4 4 4 4 4 0 0 0 0 0 0 0 5 5 5 5 5 5 5 5 5 5 5 5 5 5 0 0 0 0 0 0 0 6 6 6 6 6 6 6 6 6 6 6 6 6 6 6 6 5 0 0 0 0 0 0 6 5 5 5 5 5 5 5 5 5 5
 4 4 4 4 4 4 4 4 4 4 4 4 4 4 4 4 4 4 4 4 4 4 0 0 0 0 0 0 0 0 5 5 5 5 5 5 5 5 5 5 5 5 5 5 0 0 0 0 0 0 6 6 6 6 6 6 6 6 6 6 6 6 6 6 6 6 5 0 0 0 0 0 0 6 6 5 5 5 5 5 5 5 5 5 5 5
 4 4 4 4 4 4 4 4 4 4 4 4 4 4 4 4 4 4 4 4 0 0 0 0 0 0 0 0 5 5 5 5 5 5 5 5 5 5 5 5 5 5 0 0 0 0 0 0 6 6 6 6 6 6 6 6 6 6 6 6 6 6 6 6 6 0 0 0 0 0 0 0 6 6 6 5 5 5 5 5 5 5 5 5 5 5
 4 4 4 4 4 4 4 4 4 4 4 4 4 4 4 4 4 4 4 0 0 0 0 0 0 0 5 5 5 5 5 5 5 5 5 5 5 5 5 5 0 0 0 0 0 0 0 6 6 6 6 6 6 6 6 6 6 6 6 6 6 6 6 0 0 0 0 0 0 0 5 5 5 5 5 5 5 5 5 5 5 5 5 5 5 5
 4 4 4 4 4 4 4 4 4 4 4 4 4 4 4 4 4 0 0 0 0 0 0 0 5 5 5 5 5 5 5 5 5 5 5 5 5 5 0 0 0 0 0 0 0 6 6 6 6 6 6 6 6 6 6 6 6 6 6 6 6 5 0 0 0 0 0 0 6 5 5 5 5 5 5 5 5 5 5 5 5 5 5 3 3 3
 4 4 4 4 4 4 4 4 4 4 4 4 4 4 4 0 0 0 0 0 0 0 0 5 5 5 5 5 5 5 5 5 5 5 5 5 0 0 0 0 0 0 0 6 6 6 6 6 6 6 6 6 6 6 6 6 6 6 6 6 0 0 0 0 0 0 6 6 5 5 5 4 4 5 5 5 5 5 5 5 5 5 3 3 3 3
 4 4 4 4 4 4 4 4 4 4 4 4 4 0 0 0 0 0 0 0 0 5 5 5 5 5 5 5 5 5 5 5 5 5 5 0 0 0 0 0 0 6 6 6 6 6 6 6 6 6 6 6 6 6 6 6 6 6 0 0 0 0 0 0 6 5 5 5 5 4 4 4 4 5 5 5 5 5 5 2 4 3 3 3 3 3
 4 4 4 4 4 4 4 4 4 4 4 4 0 0 0 0 0 0 0 5 5 5 5 5 5 5 5 5 5 5 5 5 5 0 0 0 0 0 0 6 6 6 6 6 6 6 6 6 6 6 6 6 6 6 6 6 0 0 0 0 0 0 0 6 6 5 5 5 5 4 4 4 4 5 5 5 5 5 5 2 4 3 3 3 3 3
 4 4 4 4 4 4 4 4 4 4 0 0 0 0 0 0 0 5 5 5 5 5 5 5 5 5 5 5 5 5 5 0 0 0 0 0 0 0 6 6 6 6 6 6 6 6 6 6 6 6 6 6 6 6 0 0 0 0 0 0 0 5 6 5 5 5 5 4 4 4 5 5 5 5 5 5 2 4 4 3 3 3 3 3 3 3
 4 4 4 4 4 4 4 4 0 0 0 0 0 0 0 5 5 5 5 5 5 5 5 5 5 5 5 5 5 0 0 0 0 0 0 0 6 6 6 6 6 6 6 6 6 6 6 6 6 6 6 6 6 0 0 0 0 0 0 5 5 5 5 5 4 4 4 2 5 5 5 5 5 2 2 4 4 4 3 4 4 4 4 4 4 4
 4 4 4 4 4 4 0 0 0 0 0 0 0 0 5 5 5 5 5 5 5 5 5 5 5 5 5 0 0 0 0 0 0 0 6 6 6 6 6 6 6 6 6 6 6 6 6 6 6 6 6 0 0 0 0 0 0 5 5 5 5 5 4 4 4 5 5 6 5 5 2 4 4 4 3 3 3 4 4 4 4 4 4 4 4 4
 4 4 4 4 4 0 0 0 0 0 0 0 5 5 5 5 5 5 5 5 5 5 5 5 5 5 0 0 0 0 0 0 6 6 6 6 6 6 6 6 6 6 6 6 6 6 6 6 6 0 0 0 0 0 0 0 5 5 5 5 4 4 4 5 5 5 5 5 5 5 4 4 3 3 3 3 3 3 3 3 3 4 4 4 3 3
 4 4 4 0 0 0 0 0 0 0 5 5 5 5 5 5 5 5 5 5 5 5 5 5 0 0 0 0 0 0 6 6 6 6 5 5 6 6 6 6 6 6 6 6 6 6 6 0 0 0 0 0 0 0 5 5 5 2 5 4 4 4 5 5 5 5 5 5 4 4 4 3 3 3 4 4 4 4 4 4 4 4 4 3 3 3
 4 0 0 0 0 0 0 0 5 5 5 5 5 5 5 5 5 5 5 5 5 5 0 0 0 0 0 0 0 6 6 6 6 6 5 5 6 6 6 6 6 6 6 6 6 0 0 0 0 0 0 0 5 5 4 4 4 4 4 4 5 5 5 5 5 5 2 4 4 3 3 3 3 3 4 4 4 4 4 4 4 3 3 3 3 3
 0 0 0 0 0 0 0 5 5 5 5 5 5 5 5 5 5 5 5 5 0 0 0 0 0 0 0 6 6 6 6 6 6 6 6 6 6 6 6 6 6 6 6 6 0 0 0 0 0 0 5 5 5 5 4 4 4 4 4 4 5 5 5 5 5 5 2 4 4 3 3 3 3 3 4 4 3 4 4 3 3 3 3 3 3 3
 0 0 0 0 0 5 5 5 5 5 5 5 5 5 5 5 5 5 0 0 0 0 0 0 0 6 6 6 6 6 6 6 6 6 6 6 6 6 6 6 6 6 0 0 0 0 0 0 5 5 5 5 5 4 4 4 4 4 5 5 5 5 5 2 2 4 3 3 3 3 3 4 4 4 4 4 3 4 4 3 3 3 3 3 3 3
 0 0 0 5 5 5 5 5 5 5 5 5 5 5 5 5 5 0 0 0 0 0 0 6 6 6 6 6 6 6 6 6 6 6 6 6 6 6 6 6 0 0 0 0 0 0 0 6 5 5 5 5 4 4 4 4 4 5 5 5 5 2 4 4 4 3 3 3 3 3 4 4 3 3 3 3 3 3 3 3 3 3 3 3 3 3
 0 5 5 5 5 5 5 5 5 5 5 5 5 5 5 0 0 0 0 0 0 6 6 6 6 6 6 6 6 6 6 6 6 6 6 6 6 6 0 0 0 0 0 0 0 5 5 5 5 5 5 5 4 4 5 5 2 5 5 2 4 4 4 4 4 4 3 4 4 4 4 3 3 3 3 3 3 3 3 3 3 3 3 3 3 3
 5 5 5 5 5 5 5 5 5 5 5 5 5 0 0 0 0 0 0 0 6 6 6 6 6 6 6 6 6 6 6 6 6 6 6 6 0 0 0 0 0 0 0 5 5 5 5 5 4 4 5 5 5 5 2 2 2 4 4 4 4 4 4 4 4 4 4 4 4 4 3 3 3 3 3 3 3 3 3 3 3 3 3 3 3 3
 5 5 5 5 5 5 5 5 5 5 5 0 0 0 0 0 0 0 6 6 6 6 6 6 6 6 6 6 6 6 6 6 6 6 6 0 0 0 0 0 0 5 5 5 5 5 5 5 4 4 5 5 5 5 2 2 2 4 4 4 4 4 4 4 4 4 4 4 4 4 3 3 3 3 3 3 3 3 3 3 3 3 3 3 3 3
 5 5 5 5 5 5 5 5 5 0 0 0 0 0 0 0 6 6 6 6 6 6 6 6 6 6 6 6 6 6 6 6 6 0 0 0 0 0 0 0 5 5 5 5 5 4 4 4 4 4 2 2 5 5 2 4 4 4 4 4 4 3 3 4 4 4 4 4 4 3 3 3 3 3 4 4 4 4 3 3 3 4 4 4 4 3
 5 5 5 5 5 5 5 5 0 0 0 0 0 0 6 6 6 6 6 6 6 6 6 6 6 6 6 6 6 6 6 0 0 0 0 0 0 0 5 5 5 5 5 4 5 5 5 5 5 5 2 2 4 4 4 4 4 4 4 3 4 4 4 4 3 3 3 3 3 3 3 3 4 4 4 4 4 4 3 4 4 4 3 3 3 0
 5 5 5 5 5 5 0 0 0 0 0 0 6 6 6 6 6 6 6 6 6 6 6 6 6 6 6 6 6 0 0 0 0 0 0 0 5 5 5 5 5 5 5 4 5 5 5 5 5 5 2 2 4 4 4 4 4 4 4 3 4 4 4 4 3 3 3 3 3 3 3 3 4 4 4 4 4 4 3 4 4 4 3 0 0 0
 5 5 5 5 0 0 0 0 0 0 0 6 6 6 6 6 6 6 6 6 6 5 6 6 6 6 6 0 0 0 0 0 0 0 5 5 5 5 5 4 4 4 5 5 5 5 5 5 2 4 4 4 4 4 4 4 4 4 4 4 4 4 3 3 3 3 3 3 3 3 3 4 4 4 4 4 4 4 4 3 3 0 0 0 0 0
 5 5 0 0 0 0 0 0 0 6 6 6 6 6 6 6 6 6 6 6 6 5 6 6 6 6 0 0 0 0 0 0 5 5 5 5 5 5 5 4 4 4 5 5 5 5 5 5 2 4 4 4 4 4 4 4 4 4 4 4 3 4 3 3 3 3 3 3 4 3 4 4 4 4 4 4 3 3 3 3 0 0 0 0 0 0
 0 0 0 0 0 0 0 6 6 6 6 6 6 6 6 6 6 6 6 6 6 6 6 6 0 0 0 0 0 0 0 5 5 5 5 5 5 4 4 5 5 5 5 5 5 5 2 4 4 4 4 4 4 4 4 4 4 4 3 3 3 4 3 3 3 3 3 3 4 3 4 4 4 4 4 4 3 3 0 0 0 0 0 0 0 0
 0 0 0 0 0 6 6 6 6 6 6 6 6 6 6 6 6 6 6 6 6 6 0 0 0 0 0 0 0 5 5 5 5 5 5 2 5 5 6 5 5 5 5 4 4 4 4 4 4 4 3 4 4 4 4 4 3 3 3 3 3 4 4 4 4 4 3 3 4 4 4 4 4 3 3 3 0 0 0 0 0 0 0 0 0 0
 0 0 0 6 6 6 6 6 6 6 6 6 6 6 6 6 6 6 6 6 0 0 0 0 0 0 0 5 5 5 5 5 5 5 5 2 5 5 6 5 5 5 5 4 4 4 4 4 4 4 3 4 4 4 4 4 3 3 3 3 3 4 4 4 4 4 3 3 4 4 4 4 4 3 3 0 0 0 0 0 0 0 0 0 0 0
 0 0 6 6 6 6 6 6 6 6 6 6 6 6 6 6 6 6 0 0 0 0 0 0 0 5 5 5 5 5 5 4 4 4 4 5 5 5 5 5 2 4 4 4 4 4 4 4 4 4 4 4 4 4 3 3 3 3 4 4 4 4 4 4 4 4 3 4 4 3 3 3 3 0 0 0 0 0 0 0 0 0 0 0 0 0
 6 6 6 6 6 6 6 6 6 6 6 6 6 6 6 6 6 0 0 0 0 0 0 5 5 5 5 5 5 5 5 4 4 4 4 5 5 5 5 5 2 4 4 4 4 4 4 4 4 4 4 4 4 4 3 3 3 3 4 4 4 4 4 4 4 4 3 4 4 3 3 0 0 0 0 0 0 0 0 0 0 0 0 0 0 0
 6 6 6 6 6 6 6 6 6 6 6 6 6 6 6 0 0 0 0 0 0 0 5 5 5 5 5 5 5 5 5 5 5 5 5 5 2 2 4 4 4 4 4 4 4 4 4 4 4 4 4 3 3 3 4 4 4 4 4 4 4 4 4 4 4 4 3 3 3 0 0 0 0 0 0 0 0 0 0 0 0 0 0 0 0 0
 6 6 6 6 6 6 6 6 6 6 6 6 6 0 0 0 0 0 0 0 5 5 5 5 5 5 5 5 5 5 5 5 5 5 5 5 2 2 4 4 4 4 4 4 4 4 4 4 4 4 4 3 3 3 4 4 4 4 4 4 4 4 4 4 4 4 3 3 0 0 0 0 0 0 0 0 0 0 0 0 0 0 0 0 0 0
 6 6 6 6 6 6 6 6 6 6 6 0 0 0 0 0 0 0 5 4 4 4 4 4 4 4 4 5 5 5 5 5 5 2 4 4 4 4 4 3 3 3 4 4 4 4 4 3 3 3 3 3 4 4 4 3 3 4 4 4 4 4 4 3 3 3 0 0 0 0 0 0 0 0 0 0 0 0 0 0 0 0 0 0 0 0
 6 6 6 6 6 6 6 6 6 0 0 0 0 0 0 0 5 5 5 4 4 4 4 4 4 4 4 5 5 5 5 5 5 2 4 4 4 4 4 3 3 3 4 4 4 4 4 3 3 3 3 3 4 4 4 3 3 4 4 4 4 4 4 3 0 0 0 0 0 0 0 0 0 0 0 0 0 0 0 0 0 0 0 0 0 0
 6 6 6 6 6 6 6 0 0 0 0 0 0 0 0 4 4 4 4 4 4 4 4 4 4 4 4 2 5 2 3 3 4 3 4 4 3 3 4 3 3 3 4 4 4 4 4 4 4 4 4 4 4 4 4 4 4 4 4 4 4 3 3 0 0 0 0 0 0 0 0 0 0 0 0 0 0 0 0 0 0 0 0 0 0 0
 6 6 6 6 6 6 0 0 0 0 0 0 0 5 5 4 4 4 4 4 4 4 4 4 4 4 4 2 5 2 3 3 4 3 4 4 3 3 4 3 3 3 4 4 4 4 4 4 4 4 4 4 4 4 4 4 4 4 4 4 4 0 0 0 0 0 0 0 0 0 0 0 0 0 0 0 0 0 0 0 0 0 0 0 0 0


