 1.9432526734075573
 1.9417955217565983
 1.9403525565385575
 1.9389199043025447
 1.9374937867963373
 1.9360708544273559
 1.934647842487853
 1.9332204649396938
 1.9317849291182558
 1.9303391840975577
 1.9288829559131704
 1.927413532045114
 1.9259276367686531
 1.9244231088820403
 1.9228967929751699
 1.9213469221637747
 1.9197722403352895
 1.9181688886562165
 1.9165342976900652
 1.9148672007765637
 1.9131663165075743
 1.9114304372666295
 1.909657976345247
 1.907848291693822
 1.9060001097280321
 1.9041108767046915
 1.9021793432694327
 1.9002057557221528
 1.898189586310143
 1.8961348735428885
 1.8940442171227092
 1.891911899739168
 1.8897374825140962
 1.8875213202891057
 1.8852648740426214
 1.8829699578303989
 1.8806384956374693
 1.8782720009020017
 1.8758720421041239
 1.8734411748975193
 1.8709800869942661
 1.8684900653606662
 1.8659729131354217
 1.8634306497220874
 1.8608648991433832
 1.8582771895531471
 1.8556698108387957
 1.8530454535605319
 1.8504056980462671
 1.8477522874018311
 1.8450868868627963
 1.8424109371648925
 1.8397260437102372
 1.8370327820185783
 1.8343315514599916
 1.8316244470173486
 1.8289132597816593
 1.8261987722472452
 1.8234812759754777
 1.8207607116281352
 1.8180369338937632
 1.8153095440158318
 1.8125778856063288
 1.8098412563509001
 1.8070990641462641
 1.8043508076911166
 1.8015954505056193
 1.7988288390678724
 1.7960470644373034
 1.7932476039071805
 1.7904293838793437
 1.7875903410809799
 1.784729148621794
 1.7818428325250371
 1.7789283007213188
 1.7759827609181651
 1.7730035998974842
 1.7699878247119645
 1.7669319249698927
 1.7638321298857185
 1.7606846499264572
 1.7574853239172796
 1.75423040296002
 1.750916147889485
 1.7475385521500739
 1.744094603111898
 1.7405802189829396
 1.7369910424821697
 1.733322940370853
 1.7295719698947725
 1.7257339447432893
 1.7218038497598116
 1.7177761359520083
 1.7136479829047326
 1.7094160460683254
 1.7050763731392455
 1.7006251566379729
 1.6960584280467772
 1.6913726784282717
 1.6865646126773075
 1.6816310249858235
 1.6765689226754272
 1.6713756275444027
 1.6660488338198092
 1.6605868354813109
 1.6549882680025878
 1.6492524313250694
 1.6433791389221657
 1.6373688119528838
 1.6312226808772348
 1.6249427087938806
 1.618531551429867
 1.6119925618028443
 1.605329000551267
 1.5985451001354489
 1.5916470239932459
 1.584643041969696
 1.5775424218353422
 1.5703543869065295
 1.5630885771601841
 1.5557554077729556
 1.5483657190126106
 1.5409310201825641
 1.5334634037407766
 1.5259749953608119
 1.5184776151918724
 1.5109832455450214
 1.5035037734282917
 1.4960508454877823
 1.4886356480786451
 1.4812687455867379
 1.4739600573010385
 1.4667186624407615
 1.459552896137831
 1.4524705354280671
 1.4454785636613392
 1.4385831506548752
 1.4317889214832529
 1.4251001451498995
 1.4185199612150265
 1.4120508198574548
 1.405694396335843
 1.399451234446359
 1.3933221311953778
 1.3873068916458673
 1.3814046909892215
 1.3756143259545124
 1.3699339576764471
 1.364361477666387
 1.3588946484210638
 1.3535309757681024
 1.3482676708994035
 1.3431019065228498
 1.3380307578782524
 1.3330511543494097
 1.3281600233026922
 1.3233543230113576
 1.3186310349388728
 1.313987127789392
 1.3094196414557775
 1.3049256273783241
 1.3005022464265539
 1.2961467877942119
 1.2918566035708086
 1.2876291793862291
 1.2834620564437791
 1.279352925245653
 1.2752995537355638
 1.2712997411522544
 1.2673515661059975
 1.2634531284962207
 1.2596026041130572
 1.2557983000240225
 1.2520386100310408
 1.2483219933541492
 1.244647043753015
 1.2410124329004739
 1.2374168616738335
 1.2338591462843382
 1.2303381882736308
 1.2268529676463329
 1.2234024628440234
 1.2199857984302991
 1.2166021896515491
 1.2132508409510672
 1.209931028394472
 1.2066420425077053
 1.2033832793436883
 1.2001541244824425
 1.196954047196549
 1.1937825801242377
 1.1906392545123474
 1.1875235391676819
 1.1844350876696443
 1.1813734788618213
 1.1783383877806652
 1.175329458732894
 1.1723463508318048
 1.1693887479103806
 1.1664563354582771
 1.1635488185652698
 1.1606659236054051
 1.1578073838068867
 1.1549729181521025
 1.1521622600220887
 1.1493751712942655
 1.1466114265592697
 1.1438708214301576
 1.1411530944290991
 1.1384579929986538
 1.1357852875374148
 1.1331347438078105
 1.1305061380051358
 1.1278992407513413
 1.1253138035994261
 1.1227495360192914
 1.1202061630998523
 1.1176834710021135
 1.1151811726498746
 1.1126990260985963
 1.1102368505122695
 1.10779440652589
 1.1053714361256659
 1.1029676946432225
 1.1005830844219446
 1.098217351395461
 1.0958703483701371
 1.0935417650698807
 1.0912313421584576
 1.0889388320583639
 1.086663974249986
 1.0844065287899092
 1.0821662873507611
 1.079942969302162
 1.0777363168362952
 1.0755460754140855
 1.0733719923069969
 1.0712138455820348
 1.0690713907718115
 1.0669443818627355
 1.0648325806269077
 1.0627357220686293
 1.0606535840997984
 1.0585859456446167
 1.0565325568591983
 1.0544932139692051
 1.0524676716347738
 1.0504557071136356
 1.0484570915586318
 1.0464716110461745
 1.0444990344706848
 1.0425391463051599
 1.0405917352266678
 1.0386565882586092
 1.0367335010946619
 1.0348222583823137
 1.0329226695200289
 1.031034535725516
 1.0291576368587207
 1.0272917733455678
 1.0254367569457268
 1.0235923918562575
 1.0217584758803411
 1.0199348184520882
 1.0181212420528403
 1.0163175642451661
 1.0145235877213887
 1.0127391287889702
 1.0109640348870705
 1.0091981213440899
 1.0074412291555321
 1.0056931713790744
 1.0039537896891422
 1.0022229361313948
 1.0005004134789131
 0.99878606786370505
 0.9970797440297916
 0.9953812865611773
 0.99369053801249718
 0.99200734319020223
 0.99033154523473421
 0.98866300934037665
 0.9870015954951401
 0.98534715806071616
 0.98369956728196828
 0.98205868502457183
 0.98042436839604685
 0.97879648596692204
 0.97717491072407658
 0.97555951232198657
 0.97395016707448878
 0.9723467468756597
 0.97074912138728775
 0.96915717699460702
 0.96757078983425804
 0.96598984544627609
 0.96441423732909171
 0.96284385330457878
 0.96127858542114497
 0.95971832198614193
 0.95816296838048454
 0.95661240210666354
 0.9550665251916397
 0.95352522558695052
 0.95198840076145497
 0.95045596053580383
 0.94892780459647597
 0.94740383229114566
 0.94588395109319057
 0.94436808233032743
 0.94285612473599123
 0.94134800508049243
 0.9398436261634292
 0.93834289441581253
 0.93684572413156331
 0.93535203973375092
 0.93386175137717375
 0.93237477788312184
 0.93089103353399427
 0.92941042724186484
 0.92793290283906193
 0.92645838406133063
 0.92498679313425836
 0.9235180542885596
 0.92205210466034848
 0.92058887963995728
 0.91912831022068209
 0.91767034544729142
 0.91621489437525216
 0.91476188155908855
 0.91331125782895095
 0.91186296231763853
 0.91041693582054639
 0.90897311989572505
 0.90753144776744665
 0.90609187026288551
 0.90465434446574156
 0.90321879199497135
 0.9017851709731709
 0.90035344534014594
 0.89892355805411761
 0.89749547123215845
 0.89606912201340838
 0.89464445541337401
 0.89322143415856747
 0.89180000993462571
 0.89038016938567088
 0.88896186121161669
 0.88754503951362096
 0.8861296500857706
 0.88471564894588461
 0.88330300013913909
 0.88189166786139883
 0.88048161612117681
 0.87907280960244749
 0.87766522311485728
 0.87625882597266502
 0.87485357871673197
 0.87344944614044628
 0.87204640973322267
 0.87064443984446371
 0.86924350475407963
 0.8678435793471122
 0.86644463538764138
 0.86504665592365237
 0.86364961153882058
 0.86225347829266785
 0.86085821949179264
 0.85946381534921956
 0.85807025162687522
 0.8566775079418113
 0.85528555725100797
 0.8538943925947855
 0.85250399467862703
 0.85111435861803286
 0.84972546062658805
 0.84833728928809726
 0.84694982973081911
 0.84556307971931721
 0.84417700790119643
 0.84279160858332369
 0.84140688712485467
 0.84002282208108248
 0.83863940466503717
 0.83725662798222578
 0.83587447780028235
 0.83449295301282911
 0.83311204458716159
 0.8317317557971442
 0.83035208290966178
 0.82897300834859999
 0.82759453867056798
 0.82621667373071661
 0.82483940878688689
 0.82346271771842439
 0.82208660391730293
 0.82071108518160585
 0.81933616366291406
 0.81796182565840492
 0.81658810024017514
 0.8152149788629367
 0.81384245614976347
 0.81247053043837081
 0.8110992096396793
 0.80972843898812996
 0.80835828644087993
 0.8069887349304925
 0.8056197812466559
 0.80425145209027482
 0.80288374342103419
 0.80151666333611893
 0.80015021574689238
 0.79878440619821023
 0.79741923452650065
 0.79605470448926186
 0.79469081448402445
 0.79332756649404568
 0.79196499002785448
 0.79060308678364266
 0.78924187631877918
 0.7878813578856666
 0.78652149731944754
 0.78516233643131339
 0.78380386382310407
 0.78244609886208882
 0.78108906254471266
 0.77973276353759835
 0.77837723618204568
 0.77702245838817074
 0.77566845461870082
 0.77431522058537217
 0.77296276911630046
 0.77161110595493321
 0.77026027386821538
 0.76891026598204582
 0.76756108548486779
 0.76621273454133432
 0.76486524029660097
 0.76351860359653145
 0.76217282263024388
 0.76082791316729326
 0.75948386451027616
 0.75814073938313797
 0.75679853471352865
 0.75545727267623874
 0.75411695362125075
 0.75277758811660522
 0.75143919182675278
 0.75010177403461964
 0.74876536518924131
 0.74742994535175489
 0.74609552052832262
 0.74476213051953899
 0.74342979991705127
 0.7420985067801672
 0.74076827572429271
 0.73943912031566783
 0.73811104806109828
 0.73678406897847548
 0.73545819618889974
 0.73413345320101375
 0.7328098631701514
 0.73148743484181178
 0.73016620202105254
 0.72884613487783789
 0.7275272590700449
 0.72620958667191082
 0.724893116310101
 0.72357787649755301
 0.7222638650432579
 0.72095109918356604
 0.71963959481097817
 0.71832941224875579
 0.71702054500151979
 0.71571298984046872
 0.7144067946914967
 0.71310195626442408
 0.711798499588991
 0.71049643187915501
 0.70919574070636371
 0.70789644337466351
 0.7065985408723271
 0.70530203478666709
 0.70400691833160567
 0.70271327760364222
 0.70142113739168799
 0.70013053007151138
 0.6988414645992933
 0.69755393185914172
 0.69626794149453242
 0.69498350820594501
 0.69370069057804495
 0.69241948455012159
 0.69113992383822453
 0.68986201441059947
 0.68858579294161337
 0.68731128210112946
 0.68603849867414124
 0.68476748454263614
 0.68349816131764096
 0.68223063782990867
 0.68096492807898445
 0.67970107731453855
 0.6784390671565913
 0.67717891956240517
 0.67592064542992991
 0.67466426207003916
 0.67340979354338082
 0.672157254761657
 0.67090669831500316
 0.66965809919985042
 0.66841145458293905
 0.66716682366674163
 0.66592423490189878
 0.66468369859194509
 0.66344525542072397
 0.6622089244092868
 0.66097472950731195
 0.6597426889386544
 0.6585128265709449
 0.65728516600735032
 0.65605973130510697
 0.65483656028053583
 0.65361567488325178
 0.65239709441778648
 0.65118080912488829
 0.64996683770549013
 0.64875521563300609
 0.64754600466304235
 0.64633921852827292
 0.64513487246945211
 0.64393299521504399
 0.64273361112251359
 0.64153674471684674
 0.64034242769591454
 0.63915066403994658
 0.63796147888357368
 0.63677494472442697
 0.63559109368653699
 0.63440994399834183
 0.63323144300760459
 0.63205564557026117
 0.63088258836016819
 0.6297122879216781
 0.62854477488149196
 0.62738005773232841
 0.62621816885035064
 0.62505911078456067
 0.62390292082243437
 0.62274963535648187
 0.62159925240981195
 0.62045182841301783
 0.61930737649951084
 0.61816591032413348
 0.61702743924217152
 0.61589198012872548
 0.6147595860829731
 0.61363026059802239
 0.61250402876425447
 0.6113809302308516
 0.61026097795070855
 0.60914417503708462
 0.60803054686673597
 0.6069201018515672
 0.60581287821157859
 0.60470890597572391
 0.60360826586253358
 0.60251090540295837
 0.60141683347115427
 0.60032608540146193
 0.59923870772933485
 0.59815469648948683
 0.59707406318935363
 0.59599681812283423
 0.59492296741511153
 0.59385252521233867
 0.59278552452572186
 0.59172198522594688
 0.5906619176745983
 0.58960532846983871
 0.58855224182498855
 0.58750265671750257
 0.58645659125805016
 0.58541405913379629
 0.58437507147750367
 0.58333964435447339
 0.58230781545358246
 0.58127960834474912
 0.5802549926465862
 0.57923396822705397
 0.57821652639509902
 0.5772027115310524
 0.5761925217614976
 0.57518596306322134
 0.57418305357400201
 0.57318379648953821
 0.57218820612464716
 0.57119630225467799
 0.57020807575334198
 0.56922354519381579
 0.56824270391143195
 0.56726556872195766
 0.56629214024978447
 0.56532242278236799
 0.56435642704709821
 0.5633941707867135
 0.56243567139040773
 0.56148091088118723
 0.56052993396553696
 0.55958273520245583
 0.55863928181698608
 0.55769958317237056
 0.55676364163370884
 0.55583145238987886
 0.55490299468728466
 0.55397829116735375
 0.55305733315297623
 0.55214011490544579
 0.55122665153086947
 0.55031692904421003
 0.54941095503524628
 0.54850873842813497
 0.54761027025106301
 0.54671554826531055
 0.54582456518811262
 0.54493731874995022
 0.54405380534934
 0.54317402284765925
 0.54229796970475375
 0.54142565307568047
 0.54055706633246581
 0.53969219946890212
 0.53883104034243179
 0.53797357066577911
 0.53711979386008513
 0.53626971689976255
 0.53542331534743337
 0.53458056866551384
 0.53374148320639225
 0.53290606491155723
 0.53207431527156035
 0.53124620636885611
 0.53042174367352801
 0.52960092628058597
 0.52878373559352287
 0.52797016533826635
 0.52716021785263256
 0.52635389180155889
 0.52555116133863244
 0.52475201464034138
 0.52395644229008864
 0.52316442944170471
 0.52237596280840293
 0.52159102964787474
 0.52080962808660791
 0.52003175287687331
 0.51925739314778352
 0.51848653605267792
 0.51771917426437608
 0.51695529000206986
 0.51619484356558909
 0.51543783653140163
 0.51468427592501209
 0.51393414949449145
 0.51318743365718644
 0.51244412482503676
 0.51170422063546372
 0.51096770120672319
 0.51023456127378775
 0.509504787067942
 0.50877833767815783
 0.50805520901553436
 0.50733540298090696
 0.50661890048772185
 0.50590569828091181
 0.50519577386955483
 0.50448911894870097
 0.50378572376772235
 0.50308557354400107
 0.50238865540533639
 0.50169496123552038
 0.50100445897396306
 0.50031712433412301
 0.49963296835241694
 0.49895196601924569
 0.49827409543858797
 0.49759933674078544
 0.4969276778178543
 0.49625910247290894
 0.49559359916235263
 0.49493115324890435
 0.49427175139160423
 0.49361536867929562
 0.49296200098432003
 0.49231161927695716
 0.49166421453669396
 0.49101977699529498
 0.49037829727109844
 0.48973974542611226
 0.48910410486902417
 0.48847136841912336
 0.48784152867658892
 0.48721458351126579
 0.48659050713170271
 0.48596929250196957
 0.48535090027153854
 0.48473533129941793
 0.48412257214820492
 0.48351259335415603
 0.48290539198925464
 0.48230093706591132
 0.48169921053008541
 0.48110018799137927
 0.48050387403469669
 0.47991026987485402
 0.47931935568156148
 0.47873109400223729
 0.47814547848620759
 0.47756249380143612
 0.47698211439298688
 0.47640432483526574
 0.47582912085316753
 0.47525647773870666
 0.47468637859117524
 0.47411882927495042
 0.47355381704933508
 0.47299132190387261
 0.47243133531532117
 0.47187382090775248
 0.47131877906088165
 0.47076619429291877
 0.47021605398063437
 0.46966834104475025
 0.4691230315615933
 0.46858008085150343
 0.46803951415134765
 0.46750132689175911
 0.46696548543913186
 0.46643198268744662
 0.46590079281781283
 0.46537191185912186
 0.46484532760070851
 0.46432102550862825
 0.46379899436826605
 0.46327919390768763
 0.46276163679199955
 0.46224630847614301
 0.4617331898392813
 0.46122227134808669
 0.46071353899447615
 0.46020698083587358
 0.45970257343174731
 0.45920030697800179
 0.45870016952411108
 0.45820215976363149
 0.45770626468344716
 0.45721244752815798
 0.45672070555693739
 0.45623103294797857
 0.45574340970400895
 0.4552578159608538
 0.45477424400243971
 0.45429269310523296
 0.45381315447100351
 0.45333559329851303
 0.45286000458768977
 0.45238638799344605
 0.45191470613532619
 0.45144491927369007
 0.45097705540567273
 0.4505111074590758
 0.4500470683803236
 0.44958492164243929
 0.44912465569077842
 0.44866625462767523
 0.44820970568751817
 0.44775500873205015
 0.44730215925634698
 0.44685112603906607
 0.44640190685581804
 0.44595448506021368
 0.44550886417195179
 0.44506499702674263
 0.44462289470691035
 0.44418254777129229
 0.44374394686214713
 0.44330708870725782
 0.44287193471156305
 0.44243847184364438
 0.44200668685771338
 0.44157658327071575
 0.44114816730533307
 0.44072142069807863
 0.44029633612635488
 0.43987288925142054
 0.43945108122090298
 0.4390309017162724
 0.43861233440104702
 0.43819536487473887
 0.43777997713491584
 0.4373661636901422
 0.43695391501328495
 0.43654320201710495
 0.43613402765404297
 0.43572638643359812
 0.43532027200509532
 0.43491567201720804
 0.4345125704638243
 0.43411097814417249
 0.43371086938723108
 0.43331223674699082
 0.4329150737511771
 0.43251935386743534
 0.43212507688064666
 0.43173225963563699
 0.43134086985350384
 0.4309509015637501
 0.43056237304574146
 0.43017524837790005
 0.42978951056526854
 0.42940515337066104
 0.42902217172018925
 0.42864055427273523
 0.42826029351712086
 0.42788139781349943
 0.42750386625016917
 0.42712766616291648
 0.42675278424634316
 0.42637921819296287
 0.42600695848800463
 0.42563599110677308
 0.42526631535045928
 0.42489792856334241
 0.42453081757475836
 0.42416498509763045
 0.42380040775849914
 0.42343707357881843
 0.42307497755986262
 0.42271411650178647
 0.42235447580434626
 0.42199604638941685
 0.42163882718898826
 0.42128280514259192
 0.42092798074180082
 0.42057433482546935
 0.42022185827414449
 0.41987055432099685
 0.41952041965288361
 0.41917143890580627
 0.41882359952273773
 0.4184769100751578
 0.4181313574341543
 0.41778692990990512
 0.41744362023062298
 0.41710142280499396
 0.41676032661890544
 0.41642032726269551
 0.41608141395453546
 0.41574357515094301
 0.41540681178830302
 0.41507112489630144
 0.4147364945253233
 0.41440291629167569
 0.41407038016692105
 0.41373888960092198
 0.41340844730385679
 0.41307903836309207
 0.41275064705543207
 0.41242326850588107
 0.41209689961467094
 0.4117715385984505
 0.41144717519669288
 0.41112380078627059
 0.41080141487189181
 0.41048001308624132
 0.41015958284336401
 0.4098401242208517
 0.40952162818819154
 0.40920409746221481
 0.40888751355082059
 0.40857187265579159
 0.40825717436636966
 0.40794340860337674
 0.40763056732666947
 0.40731865766504383
 0.40700766659500254
 0.40669763018751792
 0.40638850391939318
 0.40608027530596352
 0.40577294450211515
 0.40546652432974212
 0.40516097300700304
 0.40485627211346037
 0.40455245087806097
 0.40424949577497404
 0.40394739619524134
 0.40364614491793904
 0.40334572913557776
 0.40304614850342307
 0.40274739212333305
 0.40244946545958837
 0.40215237359865214
 0.40185610139711919
 0.40156067275366764
 0.40126605783583402
 0.40097225277334891
 0.40067923461104993
 0.40038701595224874
 0.40009558193825046
 0.39980493234435266
 0.39951506109214513
 0.39922596532915244
 0.39893764582103147
 0.39865008570694827
 0.39836328681078442
 0.39807724894919866
 0.39779195973725778
 0.39750740793712391
 0.39722359771049182
 0.39694052291209964
 0.39665817463233438
 0.3963765572781327
 0.39609566697108811
 0.39581551105611112
 0.39553607257644047
 0.39525734354240205
 0.39497933315034089
 0.39470201725921533
 0.39442540115460956
 0.39414948439535963
 0.39387425868451231
 0.39359972765220985
 0.39332589249903449
 0.39305273389694001
 0.39278025991696081
 0.39250845643606558
 0.39223732595431327
 0.39196686467942177
 0.39169706187052822
 0.39142791686213713
 0.39115942899778627
 0.39089158481567909
 0.39062437436063957
 0.39035779661806447
 0.39009186574997901
 0.38982658283382748
 0.3895619256272293
 0.38929788757673012
 0.38903446283123894
 0.38877164685720206
 0.38850945023797112
 0.38824786597514327
 0.38798687436890972
 0.3877264861373394
 0.38746670188076182
 0.38720749879719107
 0.38694888537939576
 0.38669085651180668
 0.38643337477933415
 0.38617642609807779
 0.3859200291049103
 0.38566420994072848
 0.38540896044687206
 0.38515427446396427
 0.38490015003883832
 0.3846465914729873
 0.38439358913794486
 0.38414113284760382
 0.38388921779616275
 0.38363783888692915
 0.38338700517167656
 0.38313671430530472
 0.38288695580255366
 0.38263770498704847
 0.38238898487290179
 0.38214079476667973
 0.38189312644079165
 0.38164598112104026
 0.38139935390084662
 0.38115324701214298
 0.38090765593142106
 0.38066257963673877
 0.38041801165301187
 0.38017395132943765
 0.37993037707920901
 0.37968728464118906
 0.37944469086341648
 0.37920258771142756
 0.37896097621864661
 0.37871985067196073
 0.37847920467593155
 0.37823903572859058
 0.37799933270949276
 0.37776010707866026
 0.377521352122904
 0.37728305664199058
 0.37704522026166276
 0.37680785053799826
 0.37657094486004683
 0.37633449559453797
 0.37609850230701469
 0.37586294265563464
 0.37562781963224273
 0.37539313688068043
 0.37515890422203346
 0.37492511562244968
 0.374691770928476
 0.37445886065079026
 0.37422640044685729
 0.37399438407875291
 0.3737628035645944
 0.37353163135314466
 0.37330090189264481
 0.37307059829864692
 0.37284072499125442
 0.37261127431534308
 0.37238224958909066
 0.37215366963911073
 0.37192553246628596
 0.37169781067063723
 0.37147048673010913
 0.37124354482781846
 0.37101700588913417
 0.37079085390731187
 0.37056510840521234
 0.37033976883489883
 0.37011482937928314
 0.36989028992832423
 0.36966614615750809
 0.3694423740226882
 0.36921896177675079
 0.36899592336580944
 0.36877324501460679
 0.36855096735865317
 0.36832907932221548
 0.36810756231993425
 0.36788641322543131
 0.36766564396234291
 0.36744523505614957
 0.36722520207240233
 0.36700553847171752
 0.36678623588122578
 0.36656730591401626
 0.3663487465411876
 0.36613055435163439
 0.36591270410135696
 0.36569521289918278
 0.3654780792626558
 0.36526130916149413
 0.36504490212252488
 0.36482885226181377
 0.36461315700361768
 0.3643978177617751
 0.36418283889628944
 0.36396820562956267
 0.36375392507030235
 0.36353999735651071
 0.36332640844678032
 0.36311315925768783
 0.36290022485568924
 0.36268759701102593
 0.36247530390615035
 0.36226334093229862
 0.36205170610426862
 0.36184040191326144
 0.36162943146446341
 0.36141878617494616
 0.36120845919046601
 0.36099844519446322
 0.36078875484402578
 0.36057938156802316
 0.3603703381096674
 0.36016162340438068
 0.35995320304375528
 0.35974507305971232
 0.35953725894806882
 0.35932976483751294
 0.35912255209514993
 0.3589156483439086
 0.35870905807301079
 0.35850277994996704
 0.358296800751847
 0.35809112818934896
 0.35788576525233057
 0.35768069934124991
 0.3574759242659683
 0.35727144785478071
 0.35706726241155157
 0.35686336810013397
 0.35665976388954512
 0.35645645101183043
 0.35625341476062827
 0.3560506635513172
 0.35584819473179113
 0.35564601100598653
 0.35544411321964287
 0.35524251317931171
 0.35504121366921465
 0.35484018943905921
 0.35463943173296758
 0.35443895682810195
 0.35423875527515458
 0.35403882873246711
 0.35383917924524055
 0.35363979097166137
 0.3534406588817372
 0.35324180200615685
 0.35304322367545105
 0.35284490984867278
 0.35264686015898189
 0.35244908819972992
 0.35225160457250204
 0.35205435939441032
 0.35185737719088761
 0.35166065603343766
 0.35146419391114653
 0.35126798859350516
 0.35107202786959973
 0.35087631730378499
 0.35068082350280977
 0.35048558531999857
 0.35029059893547992
 0.35009586411711258
 0.34990138116939595
 0.34970714189567459
 0.34951315075494055
 0.34931940695000924
 0.34912590151403949
 0.34893263188090373
 0.34873960641512641
 0.34854682540759663
 0.34835428811185759
 0.34816199162068356
 0.34796993389095282
 0.34777811120305746
 0.34758651961400355
 0.34739516667927595
 0.34720404788212417
 0.3470131941403829
 0.34682259733259413
 0.34663223034116453
 0.34644210567691558
 0.34625221048303917
 0.34606254822399529
 0.34587311933114429
 0.34568392687755972
 0.34549496308305339
 0.34530622401170458
 0.3451177091320114
 0.34492941548904915
 0.34474134229287906
 0.3445534855439063
 0.34436584987662966
 0.34417843422718375
 0.34399123275916271
 0.3438042519225285
 0.34361748923782764
 0.34343093189474799
 0.34324459990130946
 0.34305848915294296
 0.34287259560802957
 0.34268692415682006
 0.34250146225395872
 0.34231621153368907
 0.34213117380303953
 0.34194635778949023
 0.34176176406170955
 0.34157737964605073
 0.34139322650781379
 0.3412092812759368
 0.3410255451496475
 0.34084201947550841
 0.34065869648714486
 0.34047558904438979
 0.34029269712027127
 0.34011005191463134
 0.33992760935116251
 0.33974536620612367
 0.33956332557480884
 0.33938149160607067
 0.33919987000737339
 0.33901844619483174
 0.33883721868683486
 0.33865619974974115
 0.33847537686463147
 0.3382947508036882
 0.33811431989392615
 0.33793407834843292
 0.33775404230630202
 0.33757419910113362
 0.33739454640481964
 0.33721508465248645
 0.33703581485747924
 0.33685673552952217
 0.33667785038158343
 0.33649915878478082
 0.33632066746537598
 0.33614236236254602
 0.33596424588109375
 0.33578631482638155
 0.33560857405569933
 0.33543102405885211
 0.33525365733658669
 0.33507647738702206
 0.33489948030081812
 0.33472266701253106
 0.33454605572515095
 0.33436965457385798
 0.33419344759900238
 0.33401742257460143
 0.33384157816635845
 0.33366591277662055
 0.33349042660589373
 0.33331511817310927
 0.33313998582754284
 0.33296501930664263
 0.33279020364107981
 0.3326155550327749
 0.33244108361760027
 0.3322667730732714
 0.33209263451914839
 0.33191867192723445
 0.33174488385381934
 0.3315712654443721
 0.33139781605693402
 0.33122453465100948
 0.33105142124229192
 0.33087847934191295
 0.33070569690577645
 0.33053306817847566
 0.33036060531097289
 0.33018830387543702
 0.33001616841149062
 0.32984420434540385
 0.32967240619861904
 0.32950077979525394
 0.32932931400660903
 0.3291580180908224
 0.32898689303679785
 0.32881594849238144
 0.32864517273458432
 0.32847455266342518
 0.328304088238834
 0.32813379693546457
 0.32796368115242519
 0.32779372469675166
 0.3276239275667977
 0.3274542871032991
 0.32728480171964186
 0.32711548152621739
 0.32694632268492607
 0.32677732960740524
 0.32660849622068566
 0.32643982005089245
 0.32627128712341497
 0.32610291892397031
 0.3259347108407174
 0.32576665461693965
 0.32559875159592511
 0.32543100542999315
 0.32526340974649043
 0.32509596314931077
 0.32492866360226152
 0.32476151541294712
 0.32459450833462916
 0.32442764721989509
 0.32426093586360538
 0.3240943765810444
 0.32392796358317727
 0.32376170521562558
 0.32359559754112216
 0.3234296420540953
 0.32326385207413483
 0.3230982207148192
 0.32293274390966492
 0.32276742929561014
 0.32260226439486489
 0.3224372592110698
 0.32227240386012695
 0.32210769864284117
 0.32194313689739457
 0.32177872432944288
 0.32161446116265868
 0.32145035560302793
 0.32128639634544415
 0.32112259809542509
 0.32095894411848697
 0.32079542408123041
 0.32063204264485812
 0.32046879775130654
 0.32030568824935518
 0.32014271734849686
 0.3199798855636321
 0.3198171910233677
 0.31965463241656128
 0.31949221241447112
 0.31932992769438601
 0.31916778001759016
 0.31900577344580644
 0.31884390624304315
 0.31868216949000627
 0.31852056514420291
 0.31835909215865993
 0.31819774897647507
 0.31803654141148202
 0.31787546586072662
 0.31771451672684886
 0.31755369715200049
 0.31739300124193492
 0.31723242617036884
 0.31707198440202944
 0.31691167277267679
 0.3167514961143359
 0.31659145562226726
 0.31643154550254782
 0.3162717542936363
 0.31611209236714716
 0.31595256854009185
 0.31579318570350007
 0.31563393078567176
 0.31547480333164546
 0.31531580825451938
 0.3151569374853459
 0.31499819095654175
 0.31483957129445056
 0.31468107589420247
 0.31452271395831083
 0.31436450947724592
 0.31420642697501777
 0.31404845912089197
 0.31389061210441904
 0.31373289215439221
 0.31357529419050367
 0.31341781728078461
 0.31326046002327734
 0.31310323157985648
 0.31294612337043892
 0.31278913647662759
 0.31263226917837772
 0.31247552206155454
 0.31231891850392124
 0.31216245288146605
 0.31200611033975645
 0.31184991718145549
 0.31169383841285375
 0.31153786038101489
 0.31138199153585899
 0.31122623810069233
 0.3110705920763373
 0.31091503719658437
 0.31075959554464289
 0.31060426997144136
 0.31044906197672673
 0.31029397347285176
 0.31013900289403029
 0.30998415368244081
 0.30982942558092491
 0.30967481163748273
 0.30952031917815864
 0.30936593881036267
 0.30921166945544409
 0.30905751560184441
 0.30890348048608585
 0.30874955476827337
 0.30859574184208605
 0.30844202644884872
 0.30828836895726047
 0.30813481625515682
 0.30798137847709339
 0.30782804755264087
 0.30767481197770219
 0.30752166037184719
 0.30736862498155088
 0.30721570308400015
 0.30706288849605684
 0.30691017695415873
 0.30675756794229558
 0.30660508368901568
 0.30645271629210596
 0.30630045782564735
 0.30614830633286982
 0.30599625766834082
 0.30584429597715773
 0.30569241544771586
 0.30554062397465903
 0.30538893916570098
 0.30523736235348875
 0.30508589480096843
 0.30493453029128026
 0.30478325026285563
 0.30463200961376774
 0.30448083504685858
 0.30432971619213373
 0.30417866477388339
 0.304027686469167
 0.30387675683345927
 0.30372593650115665
 0.30357520814578887
 0.3034245816640993
 0.30327404693168436
 0.30312360919111286
 0.3029732755211279
 0.30282303560096224
 0.30267289215417337
 0.30252284864088108
 0.30237291170779512
 0.30222307730472497
 0.30207334036383471
 0.30192369596108937
 0.30177415079978087
 0.30162470215319548
 0.30147534580113144
 0.3013260799476134
 0.30117691103037936
 0.30102783877477285
 0.30087885995495289
 0.30073001989919479
 0.30058127493531939
 0.30043263818321247
 0.30028409764564884
 0.30013565061972719
 0.29998730011648955
 0.29983904385497995
 0.29969086473481243
 0.29954278373188498
 0.29939479354793719
 0.2992468748043044
 0.29909904794342479
 0.29895131114857681
 0.29880361900854741
 0.29865606032987341
 0.29850858691199395
 0.29836120503815022
 0.2982139167620444
 0.29806672161776587
 0.29791962566502461
 0.29777262577195751
 0.29762572134521675
 0.29747890665059545
 0.29733217638807458
 0.29718553797306718
 0.29703899321711202
 0.29689254003006305
 0.29674617921185431
 0.29659991584873829
 0.29645374480152215
 0.29630766304597089
 0.29616169425230554
 0.29601586210683406
 0.29587012285701569
 0.29572447404982383
 0.29557891440872869
 0.29543344458500681
 0.29528806711647365
 0.29514278144554529
 0.2949975853161847
 0.29485247886479549
 0.29470746090996358
 0.29456253807065202
 0.29441769871160417
 0.29427294882116084
 0.29412828723385837
 0.29398370944875279
 0.2938392146125704
 0.29369480651483504
 0.29355048648222903
 0.2934062791221152
 0.29326221320615997
 0.29311823059000452
 0.29297433330795969
 0.29283052113772462
 0.29268679028923261
 0.29254314374014867
 0.29239956577070758
 0.29225607387082825
 0.29211266783261303
 0.2919693599684669
 0.29182617385284387
 0.29168307764621498
 0.29154006607566446
 0.29139713507903986
 0.29125428696867312
 0.29111152073184254
 0.29096883860382278
 0.29082626424897362
 0.29068377195581702
 0.29054135323384517
 0.29039900696627868
 0.29025674400720952
 0.29011454661267272
 0.28997243345487761
 0.28983040042484254
 0.28968845847795005
 0.28954662376945656
 0.2894048886661208
 0.28926323512799534
 0.28912165957596503
 0.2889801659875148
 0.28883875453810337
 0.28869742345784916


